local DinoWalk = Instance.new("TextButton")
local TiltHead = Instance.new("TextButton")
local BeastWalk = Instance.new("TextButton")
local StankyLegs = Instance.new("TextButton")
local Shuffle = Instance.new("TextButton")
local MoonWalk = Instance.new("TextButton")
local HeadThrow = Instance.new("TextButton")
local Crouch = Instance.new("TextButton")
local AnimeMan = Instance.new("TextButton")
local SmellyRun = Instance.new("TextButton")
local NoLegs = Instance.new("TextButton")
local BeatBox = Instance.new("TextButton")
local Scared = Instance.new("TextButton")
local BigGuns = Instance.new("TextButton")
local GOAAAAAL = Instance.new("TextButton")
local BiggerGuns = Instance.new("TextButton")
local WeirdPose = Instance.new("TextButton")
local ModernArt = Instance.new("TextButton")










Anim = Instance.new("Animation")--- Dino Walk
Anim.AnimationId = "rbxassetid://204328711"
Plr = game.Players.LocalPlayer.Character.Humanoid:LoadAnimation(Anim)

Anim = Instance.new("Animation")--- Tilt Head
Anim.AnimationId = "rbxassetid://283545583"
Pler = game.Players.LocalPlayer.Character.Humanoid:LoadAnimation(Anim)

Anim = Instance.new("Animation")--- Beast Walk
Anim.AnimationId = "rbxassetid://150301782"
Pltr = game.Players.LocalPlayer.Character.Humanoid:LoadAnimation(Anim)

Anim = Instance.new("Animation")--- Stanky Legs
Anim.AnimationId = "rbxassetid://87986341"
Plyr = game.Players.LocalPlayer.Character.Humanoid:LoadAnimation(Anim)

Anim = Instance.new("Animation")--- Shuffle 
Anim.AnimationId = "rbxassetid://429703734"
Plqr = game.Players.LocalPlayer.Character.Humanoid:LoadAnimation(Anim)

Anim = Instance.new("Animation")--- Anime Man
Anim.AnimationId = "rbxassetid://376754935"
Plwr = game.Players.LocalPlayer.Character.Humanoid:LoadAnimation(Anim)

Anim = Instance.new("Animation")--- Moon Walk
Anim.AnimationId = "rbxassetid://30196114"
Plur = game.Players.LocalPlayer.Character.Humanoid:LoadAnimation(Anim)

Anim = Instance.new("Animation")---	Head Throw
Anim.AnimationId = "rbxassetid://35154961"
Plir = game.Players.LocalPlayer.Character.Humanoid:LoadAnimation(Anim)

Anim = Instance.new("Animation")--- Crouch
Anim.AnimationId = "rbxassetid://287325678"
Plor = game.Players.LocalPlayer.Character.Humanoid:LoadAnimation(Anim)

Anim = Instance.new("Animation")--- Beat Box
Anim.AnimationId = "rbxassetid://45504977"
Plpr = game.Players.LocalPlayer.Character.Humanoid:LoadAnimation(Anim)

Anim = Instance.new("Animation")--- Big Guns
Anim.AnimationId = "rbxassetid://161268368"
Plar = game.Players.LocalPlayer.Character.Humanoid:LoadAnimation(Anim)

Anim = Instance.new("Animation")--- Smelly Run
Anim.AnimationId = "rbxassetid://30235165"
Plsr = game.Players.LocalPlayer.Character.Humanoid:LoadAnimation(Anim)

Anim = Instance.new("Animation")--- Bigger Guns
Anim.AnimationId = "rbxassetid://225975820"
Pldr = game.Players.LocalPlayer.Character.Humanoid:LoadAnimation(Anim)

Anim = Instance.new("Animation")--- Modern Art
Anim.AnimationId = "rbxassetid://248336163"
Plfr = game.Players.LocalPlayer.Character.Humanoid:LoadAnimation(Anim)

Anim = Instance.new("Animation")--- Scared
Anim.AnimationId = "rbxassetid://180612465"
Plgr = game.Players.LocalPlayer.Character.Humanoid:LoadAnimation(Anim)

Anim = Instance.new("Animation")--- Punch
Anim.AnimationId = "rbxassetid://204062532"
Plhr = game.Players.LocalPlayer.Character.Humanoid:LoadAnimation(Anim)

Anim = Instance.new("Animation")--- No Legs
Anim.AnimationId = "rbxassetid://248336459"
Pljr = game.Players.LocalPlayer.Character.Humanoid:LoadAnimation(Anim)

Anim = Instance.new("Animation")--- GOOOOOOAL
Anim.AnimationId = "rbxassetid://28488254"
Plkr = game.Players.LocalPlayer.Character.Humanoid:LoadAnimation(Anim)

    Anim = Instance.new("Animation")---	Head Throw
Anim.AnimationId = "rbxassetid://3549781215"
de = game.Players.LocalPlayer.Character.Humanoid:LoadAnimation(Anim)

-------------------------------------------------------------------------


Anim = Instance.new("Animation")---	Insane
Anim.AnimationId = "rbxassetid://121572214"
Fo = game.Players.LocalPlayer.Character.Humanoid:LoadAnimation(Anim)

Anim = Instance.new("Animation")---	Insane
Anim.AnimationId = "rbxassetid://33796059"
In = game.Players.LocalPlayer.Character.Humanoid:LoadAnimation(Anim)

Anim = Instance.new("Animation")---	Insane
Anim.AnimationId = "rbxassetid://184574340"
He = game.Players.LocalPlayer.Character.Humanoid:LoadAnimation(Anim)

Anim = Instance.new("Animation")---	Insane
Anim.AnimationId = "rbxassetid://204295235"
Su = game.Players.LocalPlayer.Character.Humanoid:LoadAnimation(Anim)

Anim = Instance.new("Animation")---	Insane
Anim.AnimationId = "rbxassetid://313762630"
Le = game.Players.LocalPlayer.Character.Humanoid:LoadAnimation(Anim)

Anim = Instance.new("Animation")---	Insane
Anim.AnimationId = "rbxassetid://204328711"
Di = game.Players.LocalPlayer.Character.Humanoid:LoadAnimation(Anim)

Anim = Instance.new("Animation")---	Insane
Anim.AnimationId = "rbxassetid://282574440"
Fl = game.Players.LocalPlayer.Character.Humanoid:LoadAnimation(Anim)

Anim = Instance.new("Animation")---	Insane
Anim.AnimationId = "rbxassetid://181526230"
Fa = game.Players.LocalPlayer.Character.Humanoid:LoadAnimation(Anim)

Anim = Instance.new("Animation")---	Insane
Anim.AnimationId = "rbxassetid://215384594"
We = game.Players.LocalPlayer.Character.Humanoid:LoadAnimation(Anim)

Anim = Instance.new("Animation")---	Insane
Anim.AnimationId = "rbxassetid://215384594"
Cl = game.Players.LocalPlayer.Character.Humanoid:LoadAnimation(Anim)

Anim = Instance.new("Animation")---	Insane
Anim.AnimationId = "rbxassetid://188632011"
Sp = game.Players.LocalPlayer.Character.Humanoid:LoadAnimation(Anim)

Anim = Instance.new("Animation")---	Insane
Anim.AnimationId = "rbxassetid://184574340"
Me = game.Players.LocalPlayer.Character.Humanoid:LoadAnimation(Anim)

Anim = Instance.new("Animation")---	Insane
Anim.AnimationId = "rbxassetid://429681631"
JJ = game.Players.LocalPlayer.Character.Humanoid:LoadAnimation(Anim)

Anim = Instance.new("Animation")---	Insane
Anim.AnimationId = "rbxassetid://204062532"
Fu = game.Players.LocalPlayer.Character.Humanoid:LoadAnimation(Anim)

Anim = Instance.new("Animation")---	Insane
Anim.AnimationId = "rbxassetid://45834924"
Mo = game.Players.LocalPlayer.Character.Humanoid:LoadAnimation(Anim)

Anim = Instance.new("Animation")---	Insane
Anim.AnimationId = "rbxassetid://429703734"
Mov = game.Players.LocalPlayer.Character.Humanoid:LoadAnimation(Anim)

Anim = Instance.new("Animation")---	Insane
Anim.AnimationId = "rbxassetid://183412246"
Da = game.Players.LocalPlayer.Character.Humanoid:LoadAnimation(Anim)

Anim = Instance.new("Animation")---	Insane
Anim.AnimationId = "rbxassetid://126753849"
Sup = game.Players.LocalPlayer.Character.Humanoid:LoadAnimation(Anim)

Anim = Instance.new("Animation")---	Insane
Anim.AnimationId = "rbxassetid://259438880"
Ar = game.Players.LocalPlayer.Character.Humanoid:LoadAnimation(Anim)

Anim = Instance.new("Animation")---	Insane
Anim.AnimationId = "rbxassetid://204295235"
Lo = game.Players.LocalPlayer.Character.Humanoid:LoadAnimation(Anim)

Anim = Instance.new("Animation")---	Insane
Anim.AnimationId = "rbxassetid://179224234"
Flo = game.Players.LocalPlayer.Character.Humanoid:LoadAnimation(Anim)

Anim = Instance.new("Animation")---	Insane
Anim.AnimationId = "rbxassetid://136801964"
Bar = game.Players.LocalPlayer.Character.Humanoid:LoadAnimation(Anim)

Anim = Instance.new("Animation")---	Insane
Anim.AnimationId = "rbxassetid://27432691"
Ins = game.Players.LocalPlayer.Character.Humanoid:LoadAnimation(Anim)

Anim = Instance.new("Animation")---	Insane
Anim.AnimationId = "rbxassetid://35978879"
Sw = game.Players.LocalPlayer.Character.Humanoid:LoadAnimation(Anim)

Anim = Instance.new("Animation")---	Insane
Anim.AnimationId = "rbxassetid://204292303"
Bow = game.Players.LocalPlayer.Character.Humanoid:LoadAnimation(Anim)










































































































































































































































local GetName = game:GetService("MarketplaceService"):GetProductInfo(game.PlaceId)



local Flux = loadstring(game:HttpGet"https://raw.githubusercontent.com/dawid-scripts/UI-Libs/main/fluxlib.txt")()
local win = Flux:Window("MH HUB",GetName.Name, Color3.fromRGB(255, 110, 48), Enum.KeyCode.RightControl)
local tab = win:Tab("LocalPlayer", "http://www.roblox.com/asset/?id=6023426915")
tab:Slider("Walkspeed", "", 0, 1000,16,function(t)
game.Players.LocalPlayer.Character.Humanoid.WalkSpeed = (t)
end)
tab:Slider("JumpPower", ".", 0, 1000,50,function(t)
game.Players.LocalPlayer.Character.Humanoid.JumpPower = (t)
end)
tab:Slider("Gravity", ".", 0, 1000,196.2,function(t)
game.Workspace.Gravity = (t)
end)
tab:Button("Default", "Make Speed/Jumppower/Grivity normal", function()
game.Players.LocalPlayer.Character.Humanoid.WalkSpeed = 16
game.Players.LocalPlayer.Character.Humanoid.JumpPower = 50
game.Workspace.Gravity = 196.2
end)
tab:Button("Noclip", "", function(t)
    _G.PRO = true
local noclip = _G.PRO char = game.Players.LocalPlayer.Character while _G.PRO do if noclip == _G.PRO then for _,v in pairs(char:children()) do pcall(function() if v.className == "Part" then v.CanCollide = false elseif v.ClassName == "Model" then v.Head.CanCollide = false end end) end end game:service("RunService").Stepped:wait() end
end)
tab:Button("Clip", "", function(t)
_G.PRO = false   
end)
local tab = win:Tab("Teleport", "http://www.roblox.com/asset/?id=6022668888")
tab:Label("Basic Combat Training Area")
tab:Line()

tab:Button("E1 wait for training area", "", function()
game.Players.LocalPlayer.Character.HumanoidRootPart.CFrame = CFrame.new(993.711243, 11.0510445, 926.614441, 0.00246633869, 0.0038574175, -0.99998951, -9.52354731e-06, 0.999992549, 0.00385740586, 0.99999696, 1.51521817e-09, 0.00246635685)  
end)

tab:Button("E1 area", "teleport to E1 spawn area", function()
game.Players.LocalPlayer.Character.HumanoidRootPart.CFrame = CFrame.new(993.711243, 11.0510445, 926.614441, 0.00246633869, 0.0038574175, -0.99998951, -9.52354731e-06, 0.999992549, 0.00385740586, 0.99999696, 1.51521817e-09, 0.00246635685) 
end)

tab:Button("Training area 1", "teleport to training area 1", function()
game.Players.LocalPlayer.Character.HumanoidRootPart.CFrame = CFrame.new(942.137451, 11.1555872, 812.52417, 0.0165418833, -0.00695430767, -0.999839008, -9.06857349e-06, 0.999975801, -0.00695540989, 0.999863207, 0.000124123879, 0.0165414196)
end)

tab:Button("Training area 2", "teleport to training area 2", function()
game.Players.LocalPlayer.Character.HumanoidRootPart.CFrame = CFrame.new(1191.02319, 11.1839838, 805.211975, 0.0257936046, -3.41338513e-08, 0.999667287, -5.7126659e-08, 1, 3.56192054e-08, -0.999667287, -5.80263979e-08, 0.0257936046)
end)

tab:Button("Training area 3", "teleport to training area 3", function()
game.Players.LocalPlayer.Character.HumanoidRootPart.CFrame = CFrame.new(941.970337, 11.1889839, 657.080505, -0.00832631625, 6.54287433e-08, -0.999965191, 4.61740335e-08, 1, 6.50465353e-08, 0.999965191, -4.56308307e-08, -0.00832631625)
end)

tab:Button("Training area 4", "teleport to training area 4", function()
game.Players.LocalPlayer.Character.HumanoidRootPart.CFrame = CFrame.new(1191.13391, 11.1631784, 654.215332, 0.0309416372, -0.00370410481, 0.999514341, -1.33284375e-05, 0.999993145, 0.00370629109, -0.999521196, -0.000127988314, 0.0309413783)
end)

tab:Button("Obby 1", "teleport to obby 1", function()
    game.Players.LocalPlayer.Character.HumanoidRootPart.CFrame = CFrame.new(1397.8125, 10.5, 821.470276, 0.999855101, -6.54103216e-09, -0.0170215592, 8.33634584e-09, 1, 1.05401995e-07, 0.0170215592, -1.05528621e-07, 0.999855101)
end)

tab:Button("Obby 2", "teleport to obby 2", function()
game.Players.LocalPlayer.Character.HumanoidRootPart.CFrame = CFrame.new(1482.5022, 10.4823589, 816.828857, 0.999790549, -4.36783121e-05, 0.02046578, -7.97234406e-06, 0.999996841, 0.00252441876, -0.0204658248, -0.00252405345, 0.99978739)
end)

tab:Button("Classroom 1", "teleport to classroom 1", function()
game.Players.LocalPlayer.Character.HumanoidRootPart.CFrame = CFrame.new(1186.14709, 12.0311289, 986.768677, -0.99896276, 0.000256726576, 0.0455332883, -4.20029346e-06, 0.999983609, -0.00573039753, -0.0455340073, -0.00572464522, -0.998946369)
end)

tab:Button("Classroon 2", "teleport to classroom 2", function()
game.Players.LocalPlayer.Character.HumanoidRootPart.CFrame = CFrame.new(1350.74817, 11.954031, 985.231323, -0.999966204, 2.09779273e-07, 0.00824050885, 3.35638418e-07, 1, 1.52717876e-05, -0.00824050885, 1.52740267e-05, -0.999966204)
end)

tab:Button("E1 promote area", "teleport to E1 promote area", function()
game.Players.LocalPlayer.Character.HumanoidRootPart.CFrame = CFrame.new(1083.19226, 11.8388968, 499.916046, -0.0315123126, 0.00437029172, -0.999493539, -1.34092752e-05, 0.999990404, 0.00437288592, 0.999503136, 0.000151175176, -0.0315119512)
end)

tab:Button("Tower in bct area", "teleport to tower in bct area", function()
game.Players.LocalPlayer.Character.HumanoidRootPart.CFrame = CFrame.new(1473.70178, 69.0770187, 889.949402, 0.0204264335, 0.00755105214, 0.999762833, -1.26454715e-05, 0.999971449, -0.00755236996, -0.999791384, 0.000141627883, 0.0204259455)
end)

tab:Button("Bct roof area 1", "teleport to bct roof area 1", function()
game.Players.LocalPlayer.Character.HumanoidRootPart.CFrame = CFrame.new(944.008789, 62.4339485, 901.178284, 0.998694301, 0.000217403591, 0.0510847867, 5.41616991e-08, 0.99999094, -0.00425676117, -0.0510852486, 0.00425120583, 0.998685241)
end)

tab:Button("Bct roof area 2", "teleport to bct roof area 2", function()
game.Players.LocalPlayer.Character.HumanoidRootPart.CFrame = CFrame.new(1199.06445, 59.854969, 905.381226, 0.999880612, 8.35169194e-05, -0.0154530182, -1.443773e-05, 0.999989986, 0.00447032042, 0.0154532371, -0.00446956325, 0.999870598)
end)

tab:Button("Bct roof area 3", "teleport to bct roof area 3", function()
game.Players.LocalPlayer.Character.HumanoidRootPart.CFrame = CFrame.new(1171.41516, 62.8618317, 484.404572, -0.998687983, -3.19420401e-09, -0.0512090884, -4.14198631e-09, 1, 1.84019679e-08, 0.0512090884, 1.85899296e-08, -0.998687983)
end)

tab:Button("Bct roof area 4", "teleport to bct roof area 4", function()
game.Players.LocalPlayer.Character.HumanoidRootPart.CFrame = CFrame.new(945.479858, 60.022728, 478.529724, -0.999604285, 0.000110027511, -0.0281284265, -1.36600556e-05, 0.999990344, 0.00439719483, 0.0281286389, 0.00439583976, -0.999594629)
end)
tab:Line()
tab:Label("E2+ area")
tab:Line()
tab:Button("Tryout area 1", "teleport to tryout area 1", function()
game.Players.LocalPlayer.Character.HumanoidRootPart.CFrame = CFrame.new(225.965775, 11.1717653, 1275.15967, -0.999991059, 1.60189836e-06, -0.00422585802, -1.87295791e-05, 0.999988437, 0.00481114816, 0.00422581704, 0.00481118402, -0.999979496)
end)

tab:Button("Tryout area 2", "teleport to tryout area 2", function()
game.Players.LocalPlayer.Character.HumanoidRootPart.CFrame = CFrame.new(158.195282, 11.1839809, 1275.2229, -0.999972105, 7.18461237e-08, -0.00747296959, 7.11867827e-08, 1, 8.84961935e-08, 0.00747296959, 8.79617446e-08, -0.999972105)
end)

tab:Button("Tryout area 3", "teleport to tryout area 3", function()
game.Players.LocalPlayer.Character.HumanoidRootPart.CFrame = CFrame.new(158.667755, 11.1766148, 1275.01343, -0.999977291, -3.85026688e-05, -0.00673491322, -5.20039475e-06, 0.999987781, -0.00494540436, 0.00673502125, -0.00494525721, -0.999965072)
end)
    
tab:Button("Tryout area 4", "teleport to tryout area 4", function()
game.Players.LocalPlayer.Character.HumanoidRootPart.CFrame = CFrame.new(106.76664, 11.1593571, 1275.19287, -0.999969482, 4.63144461e-05, 0.00781532191, -1.16810679e-05, 0.999972463, -0.00742001738, -0.00781545043, -0.00741988234, -0.999941945)
end)

tab:Button("Tryout area 5", "teleport to tryout area 5", function()
game.Players.LocalPlayer.Character.HumanoidRootPart.CFrame = CFrame.new(65.620697, 11.1620922, 1275.13049, -0.999997199, 6.78846527e-06, 0.00237641321, -1.04240389e-05, 0.999973774, -0.0072437278, -0.00237639993, -0.00724373246, -0.999970973)
end)

tab:Button("Tryout area 6", "teleport to tryout area 6", function()
game.Players.LocalPlayer.Character.HumanoidRootPart.CFrame = CFrame.new(39.7433586, 11.1546497, 1275.1936, -0.999941468, 6.46765839e-05, 0.0108137652, -7.89279693e-06, 0.999977529, -0.00671138195, -0.0108139561, -0.00671107508, -0.999918997)
end)    
    
tab:Button("Classroom 1", "teleport to classroom 1", function()
game.Players.LocalPlayer.Character.HumanoidRootPart.CFrame = CFrame.new(165.39386, 11.3187151, 1388.08606, -0.999434829, -9.36626384e-05, 0.0336207636, -3.95490133e-06, 0.999996483, 0.00266769109, -0.033620894, 0.00266604964, -0.999431312)
end)                

tab:Button("Classroom 2", "teleport to classroom 2", function()
game.Players.LocalPlayer.Character.HumanoidRootPart.CFrame = CFrame.new(33.2710533, 11.320158, 1385.71619, -0.999840796, 1.01523512e-11, -0.017841015, -1.30687919e-10, 1, 7.89301513e-09, 0.017841015, 7.89408983e-09, -0.999840796)
end)    

tab:Button("Obby 1", "teleport to obby 1", function()
game.Players.LocalPlayer.Character.HumanoidRootPart.CFrame = CFrame.new(701.198975, 10.5746946, 1531.62109, -0.00693561835, 0.00764022209, 0.999946773, -1.33863277e-05, 0.999970794, -0.00764049916, -0.999975979, -6.63734972e-05, -0.00693531334)
end)    

tab:Button("Obby 2", "teleport to obby 2", function()
game.Players.LocalPlayer.Character.HumanoidRootPart.CFrame = CFrame.new(700.978333, 10.5909557, 1614.52783, 0.00303385942, 0.00476247258, 0.999984086, -4.75022171e-06, 0.999988675, -0.00476247957, -0.99999541, 9.69904249e-06, 0.00303384778)
end)   

tab:Button("Parachute area", "teleport to parachute area", function()
game.Players.LocalPlayer.Character.HumanoidRootPart.CFrame = CFrame.new(22.7616253, 11.1778355, 1604.56885, -0.0426880941, 0.00627728598, 0.999068677, -6.18167905e-06, 0.999980271, -0.00628327718, -0.999088407, -0.000274393824, -0.0426872149)
end) 

tab:Button("ASOC SPACECOM AREA", "teleport to ASOC SPACECOM AREA", function()
game.Players.LocalPlayer.Character.HumanoidRootPart.CFrame = CFrame.new(-264.183289, 11.1863728, 983.524963, -0.999012887, 0.000261883601, 0.0444216877, -8.455846e-06, 0.999981463, -0.00608551456, -0.0444224626, -0.00607988285, -0.99899435)
end) 

tab:Button("Dress up area roof", "teleport to excahnge roof", function()
game.Players.LocalPlayer.Character.HumanoidRootPart.CFrame = CFrame.new(383.70105, 79.0149765, 1213.00452, 0.0690108389, 8.41251406e-08, 0.997615933, -6.0563309e-08, 1, -8.01366724e-08, -0.997615933, -5.48886234e-08, 0.0690108389)
end) 

tab:Button("Shooting Area", "teleport to shooting area", function()
game.Players.LocalPlayer.Character.HumanoidRootPart.CFrame = CFrame.new(834.01422, 14.4999971, 1610.26697, 0.0442127101, -5.14435889e-08, -0.999022126, -1.55787205e-08, 1, -5.21833954e-08, 0.999022126, 1.78706561e-08, 0.0442127101)
end) 

tab:Button("Parade Grounds", "teleport to parade grounds", function()
game.Players.LocalPlayer.Character.HumanoidRootPart.CFrame = CFrame.new(922.491089, 11.1734228, 1148.07544, -0.999857128, 1.01078003e-05, 0.0169025324, -1.31575206e-07, 0.999999821, -0.000605891051, -0.0169025362, -0.000605806708, -0.999856949)
end) 

tab:Button("MPC AREA", "teleport to MPC AREA", function()
game.Players.LocalPlayer.Character.HumanoidRootPart.CFrame = CFrame.new(215.321716, 11.1864052, 540.085083, 0.999954224, -5.20211943e-05, -0.00956711266, -9.78895423e-06, 0.999979138, -0.00646145968, 0.00956724957, 0.00646125758, 0.999933362)
end) 

tab:Line()
tab:Label("Spawn area")
tab:Line()
tab:Button("E1 spawn area", "teleport to E1 spawn area", function()
game.Players.LocalPlayer.Character.HumanoidRootPart.CFrame = CFrame.new(922.379456, 7.04900074, 926.614441, 0, 0, -1, 0, 1, 0, 1, 0, 0)
end)

tab:Button("E2 spawn area", "teleport to E2 spawn area", function()
game.Players.LocalPlayer.Character.HumanoidRootPart.CFrame = CFrame.new(201.297287, 7.20841599, 1178.45276, 0, 0, -1, 0, 1, 0, 1, 0, 0)
end)

tab:Button("Force com spawn area", "teleport to force com spawn area", function()
game.Players.LocalPlayer.Character.HumanoidRootPart.CFrame = CFrame.new(299.67926, 7.1985569, 1153.27527, 0, 0, -1, 0, 1, 0, 1, 0, 0)
end)

tab:Button("Headquarter spawn area", "teleport to headquarter area", function()
game.Players.LocalPlayer.Character.HumanoidRootPart.CFrame = CFrame.new(139.799301, 7.19856405, 1322.66968, 0, 0, -1, 0, 1, 0, 1, 0, 0)
end)

tab:Button("MPC spawn area", "teleport to MPC spawn area", function()
game.Players.LocalPlayer.Character.HumanoidRootPart.CFrame = CFrame.new(176.759933, 15.0638094, 601.925354, 2.5213357e-14, -7.64974359e-08, 1, 1.22905064e-08, 1, 7.64974359e-08, -1, 1.22905064e-08, 2.615355e-14)
end)

tab:Button("TRADOC spawn area", "teleport to TRADOC spawn area", function()
game.Players.LocalPlayer.Character.HumanoidRootPart.CFrame = CFrame.new(1261.16663, 7.84855604, 1072.52234, 0, 0, -1, 0, 1, 0, 1, 0, 0)
end)

tab:Button("ally spawn area", "teleport to ally spawn area", function()
game.Players.LocalPlayer.Character.HumanoidRootPart.CFrame = CFrame.new(327.617889, 7.20842743, 812.159729, 0, 0, -1, 0, 1, 0, 1, 0, 0)
end)

tab:Button("ASOC spawn area", "teleport to ASOC spawn area", function()
game.Players.LocalPlayer.Character.HumanoidRootPart.CFrame = CFrame.new(-236.181015, 11.1970663, 1021.83679, 0.999389529, 1.92983052e-09, 0.0349364989, -2.3423069e-10, 1, -4.853786e-08, -0.0349364989, 4.85000449e-08, 0.999389529)
end)

tab:Button("OIG spawn", "teleport to OIG spawn area", function()
game.Players.LocalPlayer.Character.HumanoidRootPart.CFrame = CFrame.new(143.679932, 7.20840645, 1178.45911, 0, 0, -1, 0, 1, 0, 1, 0, 0)
end)

tab:Button("HRC spawn", "teleport to HRC area", function()
game.Players.LocalPlayer.Character.HumanoidRootPart.CFrame = CFrame.new(134.45517, 7.20840645, 1178.45911, 0, 0, -1, 0, 1, 0, 1, 0, 0)
end)

tab:Button("ASCC spawn", "teleport to ASCC spawn area", function()
game.Players.LocalPlayer.Character.HumanoidRootPart.CFrame = CFrame.new(131.047028, 7.20840645, 1178.45911, 0, 0, -1, 0, 1, 0, 1, 0, 0)
end)

tab:Button("AFA spawn", "teleport to AFA spawn area", function()
game.Players.LocalPlayer.Character.HumanoidRootPart.CFrame = CFrame.new(154.093491, 11.1985559, 1178.45911, 2.0212859e-14, 6.66016362e-08, -1, -2.85554282e-08, 1, 6.66016362e-08, 1, 2.85554282e-08, 2.2114697e-14)
end)

tab:Button("Civillian spawn", "teleport to Civillian spawn area", function()
game.Players.LocalPlayer.Character.HumanoidRootPart.CFrame = CFrame.new(232.456146, 11.0526361, 22.7469482, 0.00198806822, 0.00332356524, -0.99999249, -6.78579545e-06, 0.999994457, 0.00332355825, 0.999998033, 1.6873571e-07, 0.00198807986)
end)
-------------------------------------------------------------------------------
tab:Label("EXTRA")
-------------------------------------------------------------------------------
tab:Button("Headquarter sercret base", "", function()
game.Players.LocalPlayer.Character.HumanoidRootPart.CFrame = CFrame.new(81.8128967, -1.04573464, 1138.85938, 0.999956191, -8.46946691e-09, 0.00936256722, 8.41280112e-09, 1, 6.0918075e-09, -0.00936256722, -6.01277472e-09, 0.999956191)
end) 

tab:Button("Gas station", "teleport to gas station", function()
game.Players.LocalPlayer.Character.HumanoidRootPart.CFrame = CFrame.new(217.776627, 11.0475893, 1009.55042, 0.072138384, 0.00438680733, -0.997385025, -1.365754e-05, 0.999990344, 0.00439727819, 0.997394621, -0.000303585577, 0.0721377507)
end) 

tab:Button("Allies base", "teleport to allies base", function()
game.Players.LocalPlayer.Character.HumanoidRootPart.CFrame = CFrame.new(353.58136, 14.6562052, 816.688782, 0.999921799, -2.5058318e-05, 0.0125021739, -8.85572808e-06, 0.999996305, 0.00271084881, -0.0125021962, -0.0027107473, 0.999918103)
end) 

tab:Button("Helicopter area", "teleport to helicopter area", function()
game.Players.LocalPlayer.Character.HumanoidRootPart.CFrame = CFrame.new(586.377747, 32.0014458, 563.160095, -0.998673916, 0.000197309171, 0.0514815971, 8.46317903e-07, 0.999992728, -0.00381621858, -0.0514819771, -0.00381111447, -0.998666644)
end) 

tab:Button("Civillian area", "teleport to civillian area", function()
game.Players.LocalPlayer.Character.HumanoidRootPart.CFrame = CFrame.new(195.901672, 11.6584253, 236.660477, -0.000623432919, -8.73713812e-09, 0.999999821, -1.08204251e-10, 1, 8.7370724e-09, -0.999999821, -1.02757254e-10, -0.000623432919)
end) 

tab:Button("MPC roof", "teleport to MPC roof", function()
game.Players.LocalPlayer.Character.HumanoidRootPart.CFrame = CFrame.new(155.025711, 52.5018921, 543.774414, 0.0196367502, 0.00289605767, -0.999802947, -4.73736736e-06, 0.999995828, 0.00289652357, 0.999807119, -5.2141575e-05, 0.0196366832)
end) 

tab:Button("MPC dress up area", "teleport to MPC dress up area", function()
game.Players.LocalPlayer.Character.HumanoidRootPart.CFrame = CFrame.new(138.13974, 15.0644665, 610.843872, 0.0354197025, -1.49563117e-08, -0.999372542, -3.722473e-09, 1, -1.50976351e-08, 0.999372542, 4.25489111e-09, 0.0354197025)
end) 

tab:Button("MPC extra hat", "teleport to MPC extra hat", function()
game.Players.LocalPlayer.Character.HumanoidRootPart.CFrame = CFrame.new(154.942978, 15.350482, 491.985748, 0.0279065762, -0.00199672999, -0.999608576, 1.73148032e-06, 0.999997973, -0.00199745945, 0.999610603, 5.40182227e-05, 0.027906524)
end) 

tab:Button("Civillian parachute area", "teleport to MPC parachute area", function()
game.Players.LocalPlayer.Character.HumanoidRootPart.CFrame = CFrame.new(155.323624, 11.5649376, 298.023315, -0.999629855, 0.000180915638, 0.027206596, -1.18224316e-05, 0.999974906, -0.00708437664, -0.0272071939, -0.00708207628, -0.999604762)
end) 

tab:Button("Military plane", "teleport to military plane", function()
game.Players.LocalPlayer.Character.HumanoidRootPart.CFrame = CFrame.new(284.934082, 3832.10474, 1557.16577, -0.0775212571, -0.00336579373, -0.996985018, 1.44416276e-06, 0.999994338, -0.00337606575, 0.996990681, -0.000263162045, -0.0775208101)
end) 

tab:Button("civillian plane", "teleport to civillian plane", function()
game.Players.LocalPlayer.Character.HumanoidRootPart.CFrame = CFrame.new(-679.12677, 3332.91992, -1289.10754, -0.682605088, 0.00246799947, 0.730783224, 1.33664059e-06, 0.999994338, -0.00337592466, -0.730787396, -0.00230344292, -0.682601213)
end) 

tab:Button("Extra hat area", "teleport to extra hat area", function()
game.Players.LocalPlayer.Character.HumanoidRootPart.CFrame = CFrame.new(147.966751, -7.44221401, 495.740204, 0.999795198, -1.77269631e-05, 0.0202375688, -2.42264286e-06, 0.999999523, 0.000996169401, -0.0202375762, -0.000996014685, 0.999794722)
end) 

tab:Button("Headquarter spawn car area", "", function()
game.Players.LocalPlayer.Character.HumanoidRootPart.CFrame = CFrame.new(-66.432579, -15.5589151, 1068.65845, -0.996716082, 0.00034239926, -0.0809745863, -1.37048473e-05, 0.999990344, 0.00439719297, 0.080975309, 0.00438386295, -0.996706486)
end) 

tab:Button("Party entrance", "teleport to party entrance", function()
game.Players.LocalPlayer.Character.HumanoidRootPart.CFrame = CFrame.new(-218.630814, -23.9752789, 1421.19739, 0.0162093118, -0.00226675812, 0.999866068, -2.55114765e-06, 0.999997437, 0.00226709712, -0.999868631, -3.92938418e-05, 0.0162092634)
end) 

tab:Button("Party floor zone 1", "teleport to party floor zone 1", function()
game.Players.LocalPlayer.Character.HumanoidRootPart.CFrame = CFrame.new(1302.02515, -63.3761101, 1791.9137, 0.999877691, 4.56394337e-05, -0.015638141, -3.90156174e-06, 0.999996483, 0.00266773137, 0.0156382062, -0.00266734394, 0.999874175)
end) 

tab:Button("Party floor zone 2", "teleport to party floor zone 2", function()
game.Players.LocalPlayer.Character.HumanoidRootPart.CFrame = CFrame.new(1307.29358, -39.0937996, 1838.47778, 0.999976218, -8.42666122e-06, -0.00689526461, 1.13106898e-06, 0.999999464, -0.00105915742, 0.00689526973, 0.00105912448, 0.999975681)
end)



local tab = win:Tab("Bypass/Funtion", "http://www.roblox.com/asset/?id=6023426915")
tab:Button("Jailbreak", "Clck jailbreak and then noclip", function()


Flux:Notification("You can get out of jail now", "Alright")
Local = game:GetService('Players').LocalPlayer
Char  = Local.Character
touched,tpdback = false, false
Local.CharacterAdded:connect(function(char)
    if script.Disabled ~= true then
        wait(.25)
        loc = Char.HumanoidRootPart.Position
        Char:MoveTo(box.Position + Vector3.new(0,.5,0))
    end
end)
game:GetService('UserInputService').InputBegan:connect(function(key)
    if key.KeyCode == Enum.KeyCode.Equals then
        if script.Disabled ~= true then
            script.Disabled = true
            print'you may re-execute'
        end
    end
end)
box = Instance.new('Part',workspace)
box.Anchored = true
box.CanCollide = true
box.Size = Vector3.new(10,1,10)
box.Position = Vector3.new(0,10000,0)
box.Touched:connect(function(part)
    if (part.Parent.Name == Local.Name) then
        if touched == false then
            touched = true
            function apply()
                if script.Disabled ~= true then
                    no = Char.HumanoidRootPart:Clone()
                    wait(.25)
                    Char.HumanoidRootPart:Destroy()
                    no.Parent = Char
                    Char:MoveTo(loc)
                    touched = false
                end end
            if Char then
                apply()
            end
        end
    end
end)
repeat wait() until Char
loc = Char.HumanoidRootPart.Position
Char:MoveTo(box.Position + Vector3.new(0,.5,0))
wait(5)
game:GetService("ReplicatedStorage").Packages.Knit.Services.PlayerHandler.__comm__.RE.RequestReset:FireServer()
local Sound = Instance.new("Sound")

local Id = "6741738180" --ENTER THE SOUND ID HERE

Sound.Parent = game.Workspace
Sound.SoundId = "rbxassetid://"..Id
Sound.Playing = true
Sound.Looped = false -- CHANGE TO FALSE IF YOU DON'T WANT IT TO LOOP
Sound.Volume = 5 -- CHANGE THE VOLUME OF THE MUSIC DEFAULT(1)
wait(6.5)
game.Players.LocalPlayer.Character.HumanoidRootPart.CFrame = CFrame.new(94.8738327, 15.0854568, 564.385559, 0.00981000718, 0.00671118638, 0.999929368, -7.92508217e-06, 0.999977529, -0.00671143178, -0.999951839, 5.79066837e-05, 0.00980984047)
end)

tab:Bind("Teleport Bind", Enum.KeyCode.Q, function(t)
plr = game.Players.LocalPlayer

hum = plr.Character.HumanoidRootPart

mouse = plr:GetMouse()

if mouse.Target then

hum.CFrame = CFrame.new(mouse.Hit.x, mouse.Hit.y + 5, mouse.Hit.z)

end
end)
tab:Button("Free sky dive gamepass", "", function()
game.Players.LocalPlayer.UserId = "1007768037"
end)




local tab = win:Tab("Funny stuff/Animation", "")
tab:Button("Creeper aww man", "Creeper? aww man", function()
    local Sound = Instance.new("Sound")

local Id = "3532161987" --ENTER THE SOUND ID HERE

Sound.Parent = game.Workspace
Sound.SoundId = "rbxassetid://"..Id
Sound.Playing = true
Sound.Looped = false -- CHANGE TO FALSE IF YOU DON'T WANT IT TO LOOP
Sound.Volume = 5 -- CHANGE THE VOLUME OF THE MUSIC DEFAULT(1)
    for i,v in pairs(game.Players.LocalPlayer.Character:GetChildren()) do
if v.Name == "Right Arm" then
v:Destroy()
end
end
for i,v in pairs(game.Players.LocalPlayer.Character:GetChildren()) do
if v.Name == "Left Arm" then
v:Destroy()
end
end
game.Players.LocalPlayer.Character.Head.Mesh:Destroy()
end)

tab:Label("Animation(Everyone can see)")


tab:Button("Head throw", "", function()
Plir:Play()
Plir:AdjustSpeed(2.5)
end)

tab:Button("tilit head", "", function()
Pler:Play()
Pler:Adjustspeed(2.5)
end)

tab:Button("Beast walk", "", function()
Pltr:Play()
Pltr:Adjustspeed(2.5)
end)


tab:Button("Stanky Legs", "", function()
Plyr:Play()
Plyr:Adjustspeed(2.5)    
end)

tab:Button("Shuffle ", "", function()
Plqr:Play()
Plqr:Adjustspeed(2.5)    
end)

tab:Button("Anime Man", "", function()
Plwr:Play()
Plwr:Adjustspeed(2.5)    
end)

tab:Button("Moon Walk", "", function()
Plur:Play()
Plur:Adjustspeed(2.5)    
end)

tab:Button("Head Throw", "", function()
Plir:Play()
Plir:Adjustspeed(2.5)    
end)

tab:Button("Crouch", "", function()
Plor:Play()
Plor:Adjustspeed(2.5)    
end)

tab:Button("Beat Box", "", function()
Plpr:Play()
Plpr:Adjustspeed(2.5)    
end)

tab:Button("Big Guns", "", function()
Plar:Play()
Plar:Adjustspeed(2.5)    
end)

tab:Button("Smelly Run", "", function()
Plsr:Play()
Plsr:Adjustspeed(2.5)    
end)

tab:Button("Bigger Guns", "", function()
Pldr:Play()
Pldr:Adjustspeed(2.5)    
end)

tab:Button("Modern Art", "", function()
Plfr:Play()
Plfr:Adjustspeed(2.5)   
end)

tab:Button("Scared", "", function()
Plgr:Play()
Plgr:Adjustspeed(2.5)    
end)

tab:Button("Punch", "", function()
Plhr:Play()
Plhr:Adjustspeed(2.5)    
end)

tab:Button("No Legs", "", function()
Pljr:Play()
Pljr:Adjustspeed(2.5)    
end)

tab:Button("GOOOOOOAL", "", function()
Plkr:Play()
Plkr:Adjustspeed(2.5)    
end)
----------------------------------------------------------------------------
tab:Button("Floating head", "", function()
Fo:Play()
Fo:Adjustspeed(2.5)    
end)

tab:Button("Insane", "", function()
In:Play()
In:Adjustspeed(2.5)    
end)

tab:Button("Hero jump", "", function()
He:Play()
He:Adjustspeed(2.5)    
end)

tab:Button("Sword Slam", "", function()
Su:Play()
Su:Adjustspeed(2.5)    
end)

tab:Button("Levitate", "", function()
Le:Play()
Le:Adjustspeed(2.5)    
end)

tab:Button("Dino walk", "", function()
Di:Play()
Di:Adjustspeed(2.5)    
end)

tab:Button("Floor Crawl", "", function()
Fl:Play()
Fl:Adjustspeed(2.5)    
end)

tab:Button("Faint", "", function()
Fa:Play()
Fa:Adjustspeed(2.5)    
end)

tab:Button("Weird move", "", function()
We:Play()
We:Adjustspeed(2.5)    
end)

tab:Button("Clone lllusion", "", function()
Cl:Play()
Cl:Adjustspeed(2.5)    
end)

tab:Button("Spinner", "", function()
Sp:Play()
Sp:Adjustspeed(2.5)    
end)

tab:Button("Mega Insane", "", function()
Me:Play()
Me:Adjustspeed(2.5)    
end)

tab:Button("Jumping Jack", "", function()
JJ:Play()
JJ:Adjustspeed(2.5)    
end)

tab:Button("Full punch", "", function()
Fu:Play()
Fu:Adjustspeed(2.5)    
end)

tab:Button("Moon dance", "", function()
Mo:Play()
Mo:Adjustspeed(2.5)    
end)

tab:Button("Moving dance", "", function()
Mov:Play()
Mov:Adjustspeed(2.5)    
end)

tab:Button("Dab", "", function()
Da:Play()
Da:Adjustspeed(2.5)    
end)

tab:Button("Super punch", "", function()
Sup:Play()
Sup:Adjustspeed(2.5)    
end)

tab:Button("Arm Turbine", "", function()
Ar:Play()
Ar:Adjustspeed(2.5)    
end)

tab:Button("Loop slam", "", function()
Lo:Play()
Lo:Adjustspeed(2.5)    
end)

tab:Button("Float Sit", "", function()
Flo:Play()
Flo:Adjustspeed(2.5)    
end)

tab:Button("Barrel Roll", "", function()
Bar:Play()
Bar:Adjustspeed(2.5)    
end)

tab:Button("Insane arm", "", function()
Ins:Play()
Ins:Adjustspeed(2.5)    
end)

tab:Button("Sword Slice", "", function()
Sw:Play()
Sw:Adjustspeed(2.5)    
end)

tab:Button("Bow down", "", function()
Bow:Play()
Bow:Adjustspeed(2.5)    
end)






























































































































































































































local tab = win:Tab("Stop Animation", "")
tab:Button("Stop animation", "", function()
Plr:Stop()
Pler:Stop()
Pltr:Stop()
Plyr:Stop()
Plqr:Stop()
Plwr:Stop()       
Plur:Stop() 
Plir:Stop()  
Plor:Stop() 
Plpr:Stop()
Plar:Stop()
Plsr:Stop()
Pldr:Stop()
Plfr:Stop()
Plgr:Stop()
Plhr:Stop()
Pljr:Stop()
Plkr:Stop()
de:Stop()
Fo:Stop()
In:Stop()
He:Stop()
Su:Stop()
Le:Stop()
Di:Stop()
Fl:Stop()
Fa:Stop()
We:Stop()
Cl:Stop()
Sp:Stop()
Me:Stop()
JJ:Stop()
Fu:Stop()
Mo:Stop()
Mov:Stop()
Da:Stop()
Sup:Stop()
Ar:Stop()
Lo:Stop()
Flo:Stop()
Bar:Stop()
Ins:Stop()
Sw:Stop()
Bow:Stop()
end)






local tab = win:Tab("Chatlog Bypass", "")
tab:Textbox("Chatlog bypass", "No one can see your chat in chatlogs", true, function(t)
game:GetService("ReplicatedStorage").DefaultChatSystemChatEvents.SayMessageRequest:FireServer((t) ,"All")
end)
local tab = win:Tab("Remove/Hide gui", "")
tab:Label("Hide gui key = RightControl")
tab:Button("Remove gui", "", function()
do
   local ui = game:GetService("CoreGui"):FindFirstChild("FluxLib")
   if ui then
       ui:Destroy()
   end
end
end)
while true do wait()
game:GetService("Players").LocalPlayer.PlayerGui.LoadingScreen.Enabled = false
end
